[50, 48, 0, 0, 0, 0, 1, 29, 0, 10, 50, 0, 50, 0, 50, 0, 50, 0, 0, 48, 50, 29, 49, 42, 50, 0, 0, 0, 0, 0, 0, 0, 0, 0, 50, 0, 0, 0, 50, 0, 0, 0, 0, 0, 42, 50, 50, 50, 50, 0]
[30, 30, 29, 30, 31, 30, 35, 31, 30, 33, 29, 32, 30, 32, 30, 33, 29, 32, 30, 33, 30, 30, 32, 30, 32, 30, 32, 30, 30, 31, 32, 32, 30, 36, 30, 29, 33, 30, 31, 33, 30, 33, 31, 30, 30, 32, 32, 30, 30, 32]

This is a problem, passing is going to become an optimal solution for P1. We can try to train P2 against it but I kind
of doubt it will work.

Some ideas we can use to get the AI on the right track:
1. set initial hp lower (like 1), this would make it more feasible that an AI can accidentally win through damage.
2. give AI some benefit at first from playing creatures (e.g. add cards to deck). This makes it so that playing
creatures is preferred to passing and going second has a chance to win without reducing P1 to 0 hp.
3. make the AI do at most 20 or so attempted moves per turn then force a pass instead of reducing HP by 1 on illegal
move
4. (questionable) modify the NN output so that it only produces legal moves

Issues with the above:
1. 1 on its own does nothing, we NEED to combine with 3 to be effective.
2. 3 is equivalent to passing on first illegal action since the game state will not change, this probably doesnt change
things. If anything removing 1hp allows for NNs that are closer to reasonable to play cards sometimes
3. 4 is kind of unreasonable

So the only "real" possible solution is 2. This will allow AI that actually play cards to out-compete those that do not,
even when going second. Only concern would be if the AI starts to prioritize trading to play more cards over going face.
But this can be reverted once we have semi-reasonable AIs. We could combine 3 and 2, but it's probably better to allow
the bots that will sometimes play cards to outperform those that will never play cards.

[19, 4, 0, 0, 3, 0, 0, 7, 0, 19, 13, 0, 19, 0, 10, 0, 13, 0, 1, 8]
[12, 13, 13, 13, 17, 14, 17, 16, 13, 12, 12, 16, 13, 13, 10, 17, 14, 12, 20, 17]

New results are looking a bit better, fewer sweeps from the P1 side by simply passing.

[29, 28, 0, 27, 27, 0, 29, 1, 0, 0, 0, 28, 19, 0, 30, 17, 29, 0, 27, 15, 28, 0, 0, 28, 15, 0, 0, 27, 29, 0]
[13, 18, 21, 26, 13, 16, 16, 13, 17, 12, 13, 24, 17, 17, 13, 17, 16, 14, 13, 15, 13, 13, 15, 14, 15, 13, 18, 16, 13, 13]

Evolving tests:

[25, 26, 28, 29, 28, 27, 26, 27, 27, 22, 28, 29, 28, 25, 26, 28, 26, 26, 25, 29, 28, 23, 0, 26, 27, 28, 26, 26, 27, 26]
[23, 13, 5, 1, 2, 1, 1, 1, 1, 1, 2, 6, 2, 3, 25, 2, 2, 1, 1, 6, 2, 1, 2, 1, 15, 2, 1, 3, 1, 1]
[26, 24, 25, 27, 27, 24, 23, 23, 21, 25, 25, 25, 28, 21, 23, 24, 24, 24, 24, 24, 25, 26, 25, 24, 24, 28, 28, 26, 27, 21]
[25, 22, 11, 12, 7, 6, 3, 0, 1, 1, 8, 0, 0, 27, 0, 12, 0, 0, 0, 3, 0, 6, 12, 0, 0, 0, 0, 0, 1, 2]
[20, 21, 21, 18, 27, 14, 21, 15, 17, 17, 15, 16, 17, 15, 18, 15, 16, 15, 19, 17, 15, 16, 16, 27, 26, 19, 16, 7, 23, 18]
[18, 25, 20, 15, 11, 10, 14, 11, 3, 2, 22, 7, 12, 7, 0, 7, 5, 18, 10, 1, 25, 23, 16, 4, 13, 25, 1, 24, 14, 0]
[21, 23, 20, 19, 13, 14, 19, 15, 6, 6, 21, 10, 8, 8, 16, 8, 8, 6, 20, 8, 0, 22, 6, 12, 14, 6, 16, 21, 13, 8]
[21, 20, 21, 20, 20, 21, 21, 24, 22, 14, 23, 21, 20, 1, 19, 17, 22, 21, 16, 7, 23, 21, 1, 14, 1, 20, 18, 17, 13, 14]

stats after the first round of evolves (gen = 5), seems actually pretty reasonable. Added motivation for bots to attack
(adding card to deck, as usual)

[20, 20, 26, 27, 22, 18, 19, 17, 21, 11, 19, 18, 7, 11, 11, 20, 18, 18, 23, 12, 24, 22, 6, 19, 7, 11, 23, 7, 17, 16]
[17, 18, 16, 13, 14, 12, 15, 21, 18, 19, 20, 0, 19, 17, 14, 16, 20, 0, 17, 13, 1, 15, 21, 13, 10, 0, 14, 3, 14, 0]
[21, 18, 21, 23, 19, 19, 14, 18, 25, 21, 16, 16, 1, 20, 18, 21, 17, 5, 18, 13, 18, 5, 2, 22, 18, 18, 21, 21, 21, 20]
[13, 16, 13, 13, 15, 9, 12, 15, 8, 11, 14, 16, 15, 13, 14, 16, 15, 14, 9, 12, 12, 12, 14, 14, 14, 13, 14, 7, 15, 12]
[22, 17, 23, 19, 18, 18, 15, 15, 17, 26, 24, 17, 19, 19, 22, 15, 23, 19, 24, 21, 26, 21, 24, 18, 18, 17, 19, 17, 17, 17]
[13, 16, 13, 10, 16, 5, 7, 10, 11, 11, 9, 6, 11, 15, 16, 9, 13, 12, 10, 11, 10, 10, 7, 7, 10, 8, 9, 12, 9, 7]

(gen = 8 above) going first is dominating, maybe because they are learning to fill the board?
Squashed a bug where the command to play a card was broken, hopefully this makes things slightly better

[13, 20, 20, 8, 22, 22, 19, 18, 23, 20, 23, 22, 21, 24, 19, 22, 19, 23, 21, 25, 23, 21, 9, 22, 11, 24, 17, 21, 26, 19]
[11, 13, 6, 10, 8, 10, 9, 9, 7, 9, 11, 11, 10, 9, 8, 15, 12, 10, 8, 10, 12, 10, 11, 14, 10, 9, 10, 10, 15, 6]
[21, 23, 20, 21, 27, 19, 24, 23, 25, 15, 22, 27, 20, 23, 25, 20, 20, 25, 23, 18, 24, 25, 27, 18, 22, 26, 24, 24, 18, 24]
[6, 4, 6, 11, 9, 7, 5, 7, 3, 9, 10, 7, 3, 6, 16, 11, 2, 10, 6, 5, 9, 9, 8, 7, 5, 11, 10, 10, 9, 6]
[22, 26, 25, 20, 26, 23, 23, 21, 27, 21, 19, 25, 21, 23, 26, 21, 21, 24, 21, 19, 21, 22, 25, 21, 22, 21, 23, 19, 24, 26]
[10, 10, 7, 11, 9, 6, 5, 9, 7, 10, 6, 11, 4, 8, 3, 9, 7, 4, 7, 5, 7, 8, 10, 9, 9, 7, 4, 6, 9, 5]
[24, 22, 21, 21, 26, 21, 22, 24, 20, 27, 26, 22, 18, 23, 20, 18, 25, 26, 24, 25, 23, 23, 23, 22, 23, 22, 23, 22, 21, 21]
[6, 3, 8, 13, 8, 10, 4, 6, 6, 11, 6, 10, 8, 10, 5, 8, 10, 7, 6, 8, 5, 6, 6, 9, 7, 6, 9, 5, 8, 8]
[20, 25, 23, 25, 25, 25, 18, 25, 17, 24, 23, 21, 21, 20, 21, 23, 25, 25, 23, 20, 21, 22, 20, 22, 25, 25, 24, 22, 21, 25]
[9, 4, 9, 7, 9, 9, 9, 10, 5, 8, 10, 8, 6, 11, 7, 7, 5, 7, 7, 3, 4, 7, 9, 6, 8, 9, 8, 7, 6, 10]
[20, 23, 22, 22, 22, 26, 24, 23, 26, 22, 24, 21, 22, 22, 17, 23, 23, 22, 22, 20, 22, 23, 28, 25, 21, 25, 20, 22, 18, 24]
[9, 8, 4, 5, 9, 8, 8, 8, 6, 7, 10, 10, 8, 6, 6, 8, 8, 8, 6, 13, 5, 13, 4, 7, 7, 6, 5, 8, 11, 5]
[25, 24, 20, 21, 24, 22, 23, 26, 23, 25, 27, 20, 20, 25, 25, 23, 24, 28, 26, 22, 20, 20, 21, 21, 18, 21, 27, 21, 22, 21]
[8, 6, 3, 7, 7, 8, 8, 8, 12, 8, 3, 7, 9, 6, 9, 8, 6, 8, 8, 10, 10, 7, 5, 9, 5, 10, 8, 5, 5, 2]

See, P1 is getting better at playing more followers and P2 is getting destroyed pretty hard

[27, 27, 0, 26, 0, 0, 0, 28, 29, 28, 28, 16, 0, 0, 15, 0, 0, 0, 27, 23, 0, 0, 23, 25, 0, 0, 0, 0, 0, 0]
[19, 20, 24, 20, 22, 18, 17, 27, 17, 19, 20, 17, 26, 20, 17, 18, 17, 20, 17, 19, 19, 17, 17, 17, 20, 20, 19, 17, 17, 21]
[27, 26, 26, 27, 25, 26, 24, 21, 23, 22, 24, 0, 23, 27, 29, 3, 0, 24, 22, 25, 24, 26, 27, 24, 24, 25, 24, 28, 0, 24]
[22, 26, 15, 10, 7, 4, 4, 4, 4, 4, 4, 4, 4, 23, 5, 5, 4, 7, 5, 4, 6, 5, 7, 5, 5, 4, 27, 4, 18, 4]
[26, 24, 23, 24, 25, 25, 18, 21, 18, 19, 20, 6, 21, 23, 22, 24, 12, 22, 23, 19, 5, 22, 22, 18, 0, 0, 20, 23, 18, 20]
[29, 23, 17, 19, 13, 12, 12, 2, 7, 10, 6, 13, 2, 3, 6, 10, 5, 18, 7, 12, 6, 20, 13, 6, 6, 29, 5, 3, 10, 13]
[21, 25, 24, 26, 27, 25, 27, 21, 23, 16, 22, 22, 23, 16, 12, 13, 24, 23, 18, 19, 26, 25, 26, 4, 22, 27, 24, 23, 17, 17]
[25, 24, 14, 17, 9, 17, 7, 4, 10, 2, 14, 3, 2, 3, 4, 16, 9, 1, 2, 14, 4, 3, 0, 3, 13, 11, 5, 5, 15, 6]
[19, 19, 17, 18, 18, 20, 16, 16, 19, 20, 17, 18, 19, 17, 17, 19, 19, 17, 19, 16, 18, 18, 15, 19, 18, 6, 17, 16, 5, 8]
[28, 28, 6, 7, 27, 4, 5, 8, 5, 6, 5, 29, 4, 3, 26, 8, 4, 22, 4, 26, 5, 27, 4, 7, 10, 27, 29, 3, 28, 5]
[0, 3, 0, 0, 0, 0, 0, 0, 0, 0, 1, 18, 0, 0, 19, 2, 0, 0, 0, 0, 0, 0, 0, 0, 0, 0, 0, 0, 0, 0]
[30, 30, 30, 30, 30, 28, 28, 28, 28, 27, 28, 30, 30, 28, 30, 29, 30, 26, 28, 30, 28, 30, 27, 26, 28, 28, 28, 28, 28, 28]

Above is a different start. P1 has converged to passing and P2 is actually playing things, unsure if P1 will be able to
recover, but there are a couple of players that got some wins. They did not recover. let's try to pit P2 of this to P1
of our previous run

Comparing our old P1 (gen ~ 15) to this new P2 (gen ~ 7), we get results similar to the old P2 (gen ~ 15). P1 just
stomps everything because it actually just plays cards.
So, what do we do?

3 options:
1. increase mutation values so that mutations are more likely/more extreme
2. add more hidden layers or nodes in our hidden layer to our AI NN
3. remove the hp reduction, replace with passing. Reduce max hp to 5

I want to try 3, and then if that is ineffective, try 1, and 2 if the above both fail.

First test run after making change outlined in 3:

[18, 20, 19, 21, 21, 19, 19, 19, 19, 21, 19, 19, 19, 20, 19, 19, 19, 19, 19, 19, 20, 19, 19, 19, 19, 19, 18, 19, 19, 19]
[0, 0, 0, 30, 0, 25, 0, 0, 0, 0, 30, 0, 28, 0, 0, 0, 30, 0, 0, 20, 0, 0, 30, 11, 30, 0, 29, 0, 30, 30]
[4, 4, 3, 2, 3, 4, 4, 3, 2, 3, 3, 3, 3, 2, 4, 3, 3, 3, 3, 3, 3, 3, 3, 3, 4, 3, 5, 4, 3, 4]
[30, 30, 30, 30, 30, 30, 30, 30, 29, 28, 29, 30, 30, 30, 30, 0, 30, 30, 30, 30, 0, 30, 30, 30, 25, 29, 4, 29, 30, 30]
[1, 1, 1, 1, 1, 1, 1, 2, 1, 1, 1, 1, 1, 1, 1, 1, 1, 1, 2, 1, 1, 1, 1, 1, 2, 1, 1, 1, 1, 1]
[30, 30, 30, 30, 30, 30, 28, 30, 30, 30, 30, 29, 30, 30, 0, 30, 30, 30, 30, 30, 30, 30, 30, 30, 30, 30, 30, 30, 30, 30]

lmao, ok, time to try 1. Also added more nodes to the hidden layer.

[12, 11, 12, 11, 11, 12, 11, 11, 11, 11, 11, 12, 12, 12, 13, 11, 12, 11, 12, 11, 11, 11, 12, 11, 12, 11, 11, 11, 11, 11]
[24, 30, 30, 30, 0, 0, 30, 30, 30, 30, 30, 30, 28, 0, 26, 30, 0, 0, 0, 30, 0, 0, 30, 30, 30, 0, 0, 30, 0, 30]
[1, 1, 1, 1, 1, 1, 1, 1, 1, 1, 1, 1, 1, 1, 1, 1, 1, 1, 1, 1, 1, 1, 1, 1, 1, 1, 1, 1, 2, 1]
[30, 30, 30, 30, 30, 30, 30, 30, 30, 30, 30, 30, 30, 30, 30, 30, 0, 30, 30, 30, 29, 30, 30, 30, 30, 30, 30, 30, 30, 30]
[1, 1, 1, 2, 1, 1, 1, 1, 1, 1, 1, 1, 1, 1, 1, 1, 1, 1, 1, 1, 1, 1, 1, 2, 1, 1, 1, 1, 2, 1]
[30, 30, 29, 30, 30, 30, 30, 30, 30, 30, 30, 30, 30, 30, 0, 30, 30, 30, 30, 30, 30, 30, 30, 30, 30, 30, 30, 30, 29, 29]

zzzzzzz, it really is a problem when one side becomes so much stronger than the other. the above is the first few
generations. Starting to think I got pretty lucky on my 15 generation one. Going to try to run a smaller test group for
more generations. 10 of each, 5 move forward

[9, 7, 8, 2, 6, 4, 10, 9, 9, 4]
[5, 2, 7, 1, 2, 3, 3, 5, 3, 1]
[3, 8, 7, 10, 7, 8, 10, 10, 10, 10]
[1, 0, 3, 0, 1, 3, 2, 3, 2, 2]
[9, 6, 10, 10, 10, 9, 10, 8, 8, 9]
[1, 0, 2, 0, 0, 0, 3, 2, 1, 2]
[7, 8, 9, 9, 9, 10, 8, 8, 9, 10]
[3, 1, 0, 0, 1, 1, 2, 4, 0, 1]
[10, 9, 9, 9, 6, 9, 10, 9, 8, 9]
[3, 0, 2, 1, 1, 1, 1, 2, 1, 0]
[9, 8, 8, 7, 10, 10, 9, 9, 9, 9]
[3, 1, 1, 0, 0, 4, 2, 0, 1, 0]
[10, 10, 10, 9, 9, 10, 9, 8, 8, 9]
[1, 2, 0, 1, 1, 1, 1, 1, 0, 0]
[10, 10, 10, 7, 10, 10, 9, 9, 9, 9]
[0, 0, 0, 1, 0, 1, 0, 2, 1, 2]
[8, 9, 9, 9, 9, 8, 8, 9, 8, 9]
[1, 0, 3, 1, 1, 1, 1, 2, 2, 2]
[10, 10, 8, 10, 10, 9, 9, 8, 9, 10]
[1, 2, 0, 0, 0, 1, 0, 0, 2, 1]
[10, 9, 10, 9, 9, 8, 10, 9, 10, 9]
[1, 0, 0, 1, 0, 0, 3, 1, 1, 0]
[8, 10, 8, 9, 8, 8, 9, 8, 10, 7]
[3, 0, 1, 2, 1, 3, 0, 1, 3, 1]
[10, 10, 7, 10, 9, 9, 10, 9, 7, 10]
[0, 2, 0, 0, 1, 1, 2, 1, 2, 0]
[8, 10, 10, 10, 8, 8, 10, 10, 9, 9]
[0, 0, 0, 1, 2, 1, 2, 0, 2, 0]
[10, 9, 6, 10, 9, 9, 7, 9, 10, 9]
[1, 0, 1, 3, 2, 0, 3, 1, 0, 1]
[8, 9, 9, 10, 10, 9, 9, 8, 9, 7]
[0, 0, 1, 2, 1, 1, 3, 2, 1, 1]
[9, 10, 9, 9, 10, 9, 8, 9, 9, 8]
[0, 1, 1, 1, 1, 0, 1, 1, 2, 2]
[9, 8, 9, 9, 8, 9, 10, 10, 8, 10]
[1, 1, 1, 1, 0, 0, 1, 2, 2, 1]
[10, 9, 9, 8, 7, 9, 8, 9, 9, 10]
[0, 2, 2, 0, 2, 2, 1, 1, 0, 2]
[10, 10, 8, 10, 10, 8, 9, 9, 8, 8]
[1, 1, 1, 1, 0, 0, 2, 2, 1, 1]
[10, 10, 9, 10, 10, 9, 8, 9, 7, 9]
[0, 0, 2, 2, 1, 1, 0, 2, 0, 1]
[10, 9, 9, 10, 6, 10, 9, 9, 9, 10]
[1, 2, 0, 1, 1, 0, 1, 1, 0, 2]
[8, 10, 9, 10, 8, 7, 8, 8, 8, 8]
[1, 2, 1, 3, 2, 0, 2, 2, 0, 3]
[7, 10, 8, 8, 9, 7, 10, 9, 10, 9]
[1, 2, 1, 3, 2, 1, 0, 1, 1, 1]
[7, 10, 10, 9, 9, 8, 10, 9, 9, 8]
[2, 1, 0, 0, 2, 1, 2, 1, 2, 0]

Changed to goodness function:

[273, 16, 141, 249, 270, 0, 0, 94, 100, 83]
[41, 0, 100, 260, 99, 114, 199, 100, 9, 56]
[813, 810, 833, 442, 302, 310, 298, 44, 0, 0, 236, 0, 302, 286, 545, 559, 318, 296, 332, 405, 304, 0, 304, 0, 0, 80, 813, 1218, 344, 798]
[780, 620, 370, 282, 300, 289, 361, 144, 36, 14, 216, 1174, 8, 309, 780, 780, 146, 795, 444, 0, 6, 80, 306, 596, 292, 285, 314, 286, 150, 142]
[939, 914, 812, 813, 810, 939, 694, 538, 442, 404, 333, 330, 560, 748, 810, 645, 782, 889, 342, 298, 575, 816, 904, 810, 393, 755, 810, 344, 301, 580]
[1228, 781, 780, 780, 780, 650, 668, 492, 384, 449, 780, 681, 512, 610, 652, 780, 780, 673, 404, 556, 0, 732, 780, 468, 780, 496, 780, 780, 611, 747]
[818, 943, 919, 907, 938, 810, 810, 809, 810, 810, 987, 810, 969, 810, 810, 810, 810, 810, 810, 810, 779, 393, 810, 736, 804, 290, 928, 726, 286, 810]
[724, 785, 780, 780, 780, 780, 780, 780, 780, 780, 780, 780, 780, 780, 780, 780, 780, 780, 780, 780, 780, 780, 780, 624, 780, 780, 780, 598, 780, 780]

Looks like we are converging to passing again, setting passing goodness to 0:

[20, 0, 4, 0, 2422, 0, 0, 0, 0, 0, 294, 0, 0, 12, 756, 0, 0, 0, 68, 294, 298, 0, 0, 294, 0, 0, 0, 0, 5836, 290]
[0, 0, 296, 0, 152, 0, 598, 278, 0, 0, 0, 0, 0, 0, 300, 0, 284, 288, 126, 0, 0, 0, 234, 0, 304, 0, 0, 66, 0, 146]
[11082, 386, 1514, 294, 302, 294, 508, 290, 176, 26, 0, 290, 296, 796, 296, 474, 298, 296, 308, 214, 298, 288, 11194, 0, 292, 286, 0, 222, 536, 440]
[1812, 304, 306, 294, 282, 298, 250, 106, 76, 122, 0, 294, 290, 270, 296, 0, 126, 308, 84, 0, 336, 242, 52, 118, 78, 80, 0, 1870, 160, 76]
[14572, 18732, 2976, 1136, 806, 834, 930, 654, 5950, 284, 290, 27600, 768, 1218, 5856, 28654, 658, 302, 788, 290, 22078, 514, 268, 250, 2304, 954, 17926, 23188, 1234, 1304]
[1470, 1672, 298, 310, 306, 304, 296, 294, 306, 408, 152, 296, 182, 326, 314, 312, 1062, 314, 312, 316, 298, 304, 316, 306, 302, 314, 308, 2352, 310, 1082]
[26572, 29714, 24362, 21990, 14414, 7880, 15582, 498, 2656, 1704, 8994, 26402, 0, 3658, 27558, 26520, 16594, 20974, 22144, 30764, 27472, 26360, 15492, 24222, 11258, 2280, 22080, 20964, 22106, 298]
[1596, 1634, 1134, 1628, 1076, 362, 296, 316, 310, 300, 318, 364, 1608, 326, 1686, 308, 1442, 302, 306, 300, 302, 2328, 1408, 2442, 278, 1490, 288, 278, 304, 300]

Setting HP back to 20:

[302, 326, 274, 310, 324, 304, 6178, 782, 9292, 292, 346, 324, 310, 322, 382, 320, 324, 334, 6370, 322, 322, 326, 316, 336, 320, 338, 306, 300, 332, 4692]
[142, 60, 560, 356, 866, 1154, 610, 3942, 898, 5020, 1052, 310, 1764, 694, 762, 436, 286, 262, 250, 3480, 374, 396, 198, 400, 52, 270, 346, 240, 240, 3400]
[7510, 4230, 3166, 2634, 2302, 368, 384, 318, 310, 342, 350, 2342, 362, 360, 348, 346, 3562, 6272, 3888, 2084, 328, 310, 352, 5620, 5184, 480, 2746, 396, 374, 356]
[5344, 3178, 3800, 3102, 1202, 960, 306, 706, 594, 528, 1664, 528, 3736, 3988, 3440, 70, 1576, 1756, 2084, 354, 124, 740, 732, 312, 1940, 2388, 516, 798, 4796, 1454]
[3210, 2282, 3210, 6586, 3026, 1286, 872, 1640, 2886, 1072, 3880, 5712, 1640, 4112, 1870, 2568, 1924, 1378, 1002, 4446, 1222, 1524, 3924, 1080, 2074, 1338, 3032, 1540, 1752, 934]
[4214, 4574, 2150, 4084, 4664, 3950, 3912, 4796, 2508, 1152, 4320, 2028, 5162, 2494, 4942, 5264, 4372, 5080, 3084, 3080, 2476, 4316, 5514, 1490, 4940, 5464, 4800, 4194, 4190, 5060]
[2092, 2986, 5752, 1182, 680, 4052, 1596, 1720, 2668, 3734, 2388, 1564, 1578, 3472, 1506, 3690, 794, 1854, 1408, 1072, 1716, 4572, 2640, 1582, 1684, 2196, 1498, 2990, 2104, 1818]
[4504, 4764, 3958, 5232, 3096, 3916, 5282, 4118, 4162, 3812, 3490, 4962, 2864, 5464, 3600, 5428, 3366, 4314, 4256, 3902, 5894, 5366, 3742, 6056, 4378, 3924, 5156, 4948, 3948, 3714]
[4368, 3228, 2024, 1604, 3982, 2464, 3232, 5384, 1768, 2180, 1624, 1776, 1554, 3486, 2750, 3240, 1212, 2070, 2240, 1504, 3948, 1626, 1568, 2004, 3980, 2690, 1818, 2156, 1514, 1406]
[6048, 4472, 4780, 6428, 4518, 5250, 5364, 5120, 3678, 4410, 4784, 4926, 4788, 5992, 3828, 4780, 4424, 4800, 5224, 4484, 5462, 4634, 4916, 4460, 3570, 4650, 4448, 4256, 5912, 5252]
[3468, 5376, 1254, 2886, 1500, 1692, 3320, 1042, 1624, 1356, 2986, 2444, 1442, 1606, 2958, 2730, 1802, 1472, 1790, 4054, 2160, 2052, 2020, 1006, 3510, 1448, 1310, 8326, 1904, 1712]
[5368, 5156, 5052, 5262, 6620, 3804, 6710, 6720, 5350, 5642, 5708, 5156, 5428, 4244, 5710, 5608, 4266, 6262, 4444, 6056, 5432, 3252, 5374, 5918, 6198, 4766, 6760, 5720, 4236, 5638]
[2752, 1368, 2888, 1678, 2982, 1630, 2798, 928, 2132, 4516, 4772, 4422, 5264, 4698, 3076, 2266, 1510, 4174, 3978, 2704, 1678, 6780, 3558, 3878, 2734, 5320, 1592, 2036, 1888, 2672]
[5758, 5268, 5372, 5006, 6648, 6012, 4860, 5612, 4118, 4928, 5406, 7388, 4618, 4976, 7094, 4192, 5432, 3870, 5774, 4622, 5150, 6370, 5876, 5396, 5342, 4546, 6400, 4926, 5988, 5918]
[4826, 4106, 1356, 3896, 5978, 1738, 2994, 1142, 3584, 3334, 3992, 3758, 6046, 830, 5384, 1810, 5704, 3644, 4544, 1946, 2224, 1656, 3180, 6578, 2762, 3680, 1188, 4420, 4454, 1482]
[5680, 6888, 5016, 5790, 6028, 6726, 5580, 7280, 5564, 5732, 5106, 5914, 5526, 4818, 6996, 5526, 4526, 6316, 6510, 6830, 5198, 5588, 5826, 4892, 4010, 5462, 5780, 5390, 6604, 4708]
[1210, 2846, 3912, 2184, 4400, 3212, 2464, 1574, 2484, 3488, 4472, 6496, 2806, 2028, 3622, 3454, 3874, 5694, 2574, 2956, 4716, 3184, 2210, 1822, 3664, 1412, 3078, 2324, 1704, 3666]
[4314, 7224, 6748, 5072, 6110, 5260, 5204, 4642, 5108, 7510, 5570, 7798, 6188, 5798, 5388, 7568, 7486, 5252, 4276, 4742, 4800, 5728, 5624, 5748, 5312, 5188, 4764, 5990, 6640, 5012]
[3358, 2890, 2418, 1778, 4164, 3550, 5282, 3578, 4958, 1642, 2040, 2054, 2988, 1602, 6408, 1852, 1684, 5576, 4980, 4522, 3290, 1676, 1724, 3312, 2278, 1932, 2208, 4912, 4972, 2864]
[4968, 4104, 5886, 5892, 6484, 5210, 6534, 6218, 4346, 5414, 5418, 5862, 5998, 7054, 4528, 5064, 6496, 5218, 6500, 6862, 5222, 6180, 6402, 5908, 5030, 7440, 5020, 6872, 3826, 4678]
[2338, 1414, 2432, 2416, 3144, 9974, 5180, 2906, 4118, 5306, 1588, 5772, 3666, 1450, 2800, 1842, 2874, 4682, 5646, 2226, 1678, 1452, 1498, 2142, 1308, 5632, 3722, 4184, 2930, 3574]
[5618, 6830, 5234, 3890, 4776, 5418, 5246, 4522, 6004, 4698, 5028, 4796, 6108, 5134, 5218, 6158, 7118, 6338, 6030, 5980, 4838, 5776, 6226, 5776, 5184, 7214, 5150, 6168, 6402, 5234]
[3996, 2028, 2408, 8918, 1358, 1914, 1698, 1764, 2144, 6176, 2082, 2094, 2982, 1986, 5700, 1738, 3752, 3824, 5044, 3066, 2638, 5962, 7374, 1568, 5806, 4698, 5726, 1950, 2462, 4156]
[5874, 5720, 6828, 6662, 6136, 5016, 6404, 5964, 5100, 4842, 6322, 6924, 7114, 4974, 5848, 6244, 6212, 5534, 7108, 5370, 5718, 5326, 6148, 4928, 6538, 6824, 5888, 7646, 5700, 5946]

Generation 12 above. Reduced attack reward from 30 to 20. winning through attack raised from 1000 to 1500. Hopefully this
encourages attacking face and less stalling. Passing reward increased from 0 to 1

[5349, 3748, 3433, 8444, 5066, 1488, 7016, 1340, 5766, 3296, 3567, 1010, 1126, 5451, 3827, 962, 3098, 1106, 1642, 1810, 3256, 1759, 1956, 3286, 3160, 3412, 1780, 1282, 11080, 3709]
[4016, 3806, 3150, 4806, 4406, 4592, 3772, 4786, 4030, 4962, 4780, 4578, 4234, 3980, 3814, 3614, 3566, 3615, 3662, 4468, 3386, 4524, 3710, 3888, 4594, 4304, 4910, 3706, 3150, 3548]
[7462, 6512, 1390, 2243, 3216, 1501, 5465, 6921, 6436, 1428, 2890, 6542, 1802, 3942, 3641, 4859, 2601, 1756, 2906, 3344, 936, 2399, 2850, 940, 5887, 3443, 1808, 876, 1552, 3442]
[4338, 4556, 3890, 4302, 3308, 3304, 3460, 3588, 3010, 3330, 3920, 3544, 3844, 4132, 3568, 3244, 4208, 4162, 4320, 4072, 5622, 4004, 3710, 4330, 3924, 3920, 3414, 4168, 4060, 3436]
[3798, 2302, 2201, 1725, 1282, 7102, 5705, 2944, 2445, 1404, 1014, 5452, 2193, 3390, 5106, 3190, 3266, 8454, 1870, 7544, 3166, 7026, 3437, 3354, 1793, 1440, 10670, 3034, 3424, 3463]
[4446, 4714, 4530, 4094, 4054, 3984, 4444, 4528, 3572, 5530, 3576, 4405, 4250, 3862, 4788, 4186, 4874, 4182, 4312, 3460, 4188, 5142, 3942, 3772, 3732, 4356, 4430, 3560, 3244, 4422]
[2012, 5892, 7197, 5129, 3340, 986, 1628, 5187, 1936, 1416, 7526, 4730, 4916, 1838, 5546, 3122, 3691, 1344, 2942, 1898, 7342, 6756, 8542, 1530, 3973, 3249, 2077, 6177, 3112, 5040]
[3832, 3834, 3866, 4772, 3754, 4920, 4820, 4722, 3762, 3394, 4120, 5550, 4220, 3774, 3714, 3936, 4148, 3884, 5408, 4438, 4626, 3172, 4472, 3720, 4690, 3462, 4724, 4644, 4412, 4612]

Gen 17

[6328, 316, 0, 481, 312, 282, 904, 528, 513, 630, 218, 362, 294, 0, 635, 626, 337, 673, 880, 131, 810, 420, 810, 1012, 106, 74, 6920, 770, 458, 0]
[308, 304, 298, 732, 780, 792, 790, 896, 780, 305, 780, 0, 596, 780, 3122, 234, 182, 924, 868, 0, 313, 305, 780, 18, 780, 653, 603, 14, 772, 599]
[5096, 6955, 1024, 864, 855, 810, 810, 544, 755, 652, 810, 810, 810, 841, 883, 677, 810, 458, 810, 810, 321, 948, 810, 489, 932, 792, 810, 893, 813, 845]
[3030, 917, 882, 855, 780, 406, 780, 780, 780, 780, 700, 298, 780, 582, 780, 780, 750, 786, 229, 780, 891, 114, 564, 780, 296, 332, 780, 1288, 780, 883]
[4683, 3452, 1041, 1205, 952, 906, 870, 889, 917, 893, 909, 7754, 960, 944, 810, 328, 946, 783, 892, 843, 639, 975, 1087, 829, 742, 702, 978, 1110, 1010, 10220]
[2320, 1692, 925, 946, 905, 877, 818, 812, 780, 780, 954, 935, 765, 883, 856, 968, 941, 458, 2254, 1410, 978, 780, 780, 793, 903, 3770, 824, 861, 1310, 780]
[10396, 14610, 11529, 7012, 1341, 1400, 1074, 1040, 1129, 476, 1176, 140, 3591, 466, 1051, 504, 492, 528, 618, 8176, 1054, 997, 9813, 13891, 6585, 130, 1380, 961, 943, 1097]
[5940, 4510, 1128, 2904, 1128, 1416, 991, 992, 4082, 955, 933, 8808, 3888, 3010, 1084, 1914, 1328, 913, 2556, 985, 4192, 2458, 1156, 939, 314, 914, 326, 920, 5490, 556]
[4455, 2721, 15855, 17036, 4537, 1261, 6914, 6321, 1615, 916, 1238, 6084, 7846, 9008, 9037, 680, 1495, 3801, 7327, 9259, 4254, 13608, 458, 2771, 2766, 2408, 5613, 2265, 864, 490]
[8460, 4178, 5924, 3970, 4866, 1704, 9128, 2898, 3418, 5526, 1820, 1414, 1530, 5006, 3076, 2070, 9416, 3546, 6818, 5148, 6498, 936, 9018, 4056, 4564, 3754, 3652, 5450, 5452, 5228]
[11994, 10723, 7148, 7566, 11075, 15427, 9252, 6664, 3438, 5993, 9670, 932, 4599, 2668, 4346, 696, 9042, 4688, 4247, 8923, 7280, 8178, 7487, 640, 5780, 968, 11207, 2400, 2346, 5981]
[14004, 8992, 14330, 7110, 5006, 6638, 5072, 2266, 3942, 3502, 5406, 17808, 2846, 4642, 9160, 6140, 2134, 1992, 1976, 8038, 3880, 6984, 7022, 4404, 4666, 4802, 6868, 6376, 3198, 11102]
[5851, 18776, 14137, 6014, 15756, 4644, 5802, 2218, 10598, 6506, 515, 8957, 608, 8952, 9113, 802, 7304, 4516, 12550, 10835, 11059, 14012, 12361, 4372, 4297, 10412, 848, 508, 814, 7749]
[14150, 9570, 14588, 12172, 10560, 5296, 9776, 10924, 5096, 6734, 13354, 11080, 8856, 9594, 14970, 8948, 5352, 7422, 13536, 10574, 11712, 11042, 5816, 8548, 13468, 2318, 9448, 10852, 9910, 13214]
[7254, 10502, 8914, 7459, 12512, 14266, 8812, 7406, 12565, 3860, 9057, 6274, 9212, 7489, 2881, 9589, 1106, 9807, 758, 12162, 3732, 10597, 8982, 468, 860, 6449, 12562, 10840, 10867, 436]
[8078, 15566, 16480, 10248, 11818, 10560, 12822, 10496, 9256, 12124, 14398, 5282, 5702, 8582, 9838, 9732, 5488, 9178, 13432, 14942, 13036, 13490, 18254, 8814, 11506, 16786, 8922, 11922, 12564, 13022]
[9768, 7799, 7569, 4626, 11076, 12635, 7534, 9160, 2887, 6071, 2811, 14392, 15662, 7291, 6314, 9239, 9864, 7954, 3884, 7583, 4107, 11114, 7502, 14123, 6006, 10905, 10626, 7695, 10851, 4151]
[8124, 9268, 9814, 10828, 10828, 13838, 7626, 7886, 13028, 11160, 9634, 9106, 7374, 10878, 11252, 13964, 8144, 14026, 8776, 4268, 10780, 17038, 9710, 11462, 8954, 11882, 8932, 12690, 12102, 9668]
[12617, 7742, 7700, 4510, 4156, 890, 11351, 8673, 3191, 10798, 10945, 10824, 5977, 7625, 2729, 5958, 7608, 9425, 11103, 6116, 9470, 4805, 12670, 10946, 2727, 9670, 8161, 6073, 5911, 10679]
[5596, 12174, 16052, 5186, 13726, 9204, 14892, 11022, 13764, 12598, 14668, 7516, 9696, 5916, 13094, 14916, 15934, 6820, 7590, 7678, 14240, 12986, 14216, 7588, 13008, 12744, 15756, 11556, 11240, 15934]

Above is the first 10 gens after moving to python 3, hp was reduced to 8 for the beginning, increased to 12 for the next
10 gens.

[3482, 3136, 3490, 1726, 1882, 6756, 1444, 4008, 5460, 3216, 6830, 7394, 4982, 8946, 1130, 7394, 3704, 5446, 8602, 1478, 1701, 3676, 3244, 5194, 5558, 2976, 8332, 6656, 8400, 3462]
[3796, 5040, 4056, 3852, 2910, 3442, 4038, 4228, 3626, 3946, 3660, 4448, 3692, 4344, 4326, 3718, 3752, 4558, 3624, 4338, 3750, 3618, 4466, 4534, 4060, 3976, 4250, 3492, 4488, 3548]
[3166, 4796, 5596, 3256, 7590, 3752, 3634, 1838, 5070, 5796, 4378, 4968, 7351, 3112, 2700, 6930, 1598, 1694, 3384, 3270, 5062, 5124, 5058, 2870, 6573, 3308, 2916, 1598, 8334, 2298]
[3300, 4312, 4768, 4392, 5172, 3640, 4098, 4486, 3374, 3640, 4170, 4678, 3994, 3996, 4776, 3584, 3602, 5738, 3844, 4060, 4168, 3220, 3556, 3636, 3782, 3736, 3556, 3908, 3896, 4686]
[3280, 10384, 5088, 1856, 4886, 3028, 12186, 3876, 3388, 4946, 3834, 1090, 6952, 15566, 3129, 8595, 3505, 1452, 1662, 7453, 2072, 3060, 1448, 3276, 1692, 6138, 8262, 7364, 1192, 7474]
[4068, 5218, 4976, 3984, 3568, 4468, 5164, 5506, 4550, 4100, 3804, 4186, 4354, 4484, 4570, 3878, 3986, 4194, 3444, 4032, 4166, 5744, 3024, 4400, 4542, 3506, 4062, 3900, 4218, 3044]
[2770, 6202, 5494, 8404, 5313, 5146, 1806, 8716, 7240, 3216, 5408, 3325, 5286, 6662, 6950, 1219, 3522, 4543, 3634, 7414, 5536, 6784, 8222, 4668, 5412, 3182, 8444, 1805, 2554, 4926]
[4984, 3560, 6140, 3336, 4916, 3478, 4408, 4048, 3188, 3518, 4360, 3566, 4312, 4164, 3962, 4778, 3744, 3652, 4900, 3678, 3288, 4412, 4544, 4206, 5048, 4736, 5140, 4802, 4260, 5538]
[5344, 4838, 3233, 4602, 4907, 3368, 1160, 4788, 6726, 1644, 1044, 4766, 4790, 3702, 11738, 1624, 5002, 3935, 5337, 5258, 3752, 3850, 6406, 5271, 4492, 3652, 3414, 5576, 1346, 6950]
[4470, 4246, 5318, 3430, 3344, 4692, 3950, 3376, 4568, 4144, 5230, 4936, 3936, 4560, 3388, 26360, 4204, 4792, 3674, 3988, 4084, 3798, 4262, 3264, 3996, 3528, 3744, 3600, 4530, 4504]
[7014, 6278, 5312, 6558, 1170, 8386, 5559, 3337, 5042, 1481, 5244, 2900, 5158, 1382, 2132, 5009, 6886, 2958, 6796, 2930, 8352, 3019, 5266, 3544, 4392, 3398, 5397, 5276, 1108, 10494]
[32786, 3868, 4326, 3748, 4080, 4486, 3726, 5898, 4846, 3556, 4238, 3624, 3070, 4450, 8470, 4154, 20518, 4440, 3954, 4320, 3844, 4692, 4072, 4140, 5134, 3468, 4650, 4286, 3842, 3756]
[3004, 3210, 3140, 5579, 5242, 7200, 8811, 4822, 4712, 8948, 1630, 3474, 1268, 1817, 398, 1947, 7630, 3836, 3670, 6212, 2002, 4819, 3584, 8918, 3396, 3569, 7594, 6994, 5084, 6660]
[21528, 13214, 4280, 3112, 3964, 4444, 4772, 4732, 4560, 4288, 5960, 5538, 3124, 3882, 3658, 4330, 4726, 7702, 656, 3804, 4716, 3798, 12878, 3840, 6198, 4602, 5086, 13216, 4398, 8314]
[1311, 3326, 6723, 2938, 1271, 4373, 1336, 3484, 2804, 1527, 2083, 5181, 5716, 4798, 5099, 3969, 4973, 3798, 1104, 3286, 2790, 4566, 3656, 1538, 3051, 5005, 1120, 5243, 3278, 4971]
[23642, 11384, 22736, 13408, 3814, 5744, 3912, 6230, 3488, 2402, 8670, 30416, 13318, 4298, 12026, 14588, 7216, 4248, 3376, 11808, 12576, 9952, 3708, 3892, 7692, 4846, 11952, 10070, 6824, 6602]
[1716, 1410, 3452, 6730, 1565, 4587, 4645, 5395, 1202, 4826, 1388, 4970, 3090, 2564, 6939, 1540, 2856, 3038, 3131, 1434, 4845, 1830, 1528, 3376, 3082, 1125, 1468, 3211, 1343, 1150]
[29646, 23088, 22670, 12994, 10256, 12722, 17044, 17762, 15582, 17878, 16452, 18126, 28416, 20562, 14128, 12992, 13632, 13252, 10954, 19354, 7260, 19202, 21878, 19552, 13304, 18980, 16242, 27098, 9398, 18048]
[3697, 5120, 2918, 4480, 4796, 3122, 3977, 2945, 3513, 2801, 2855, 2795, 3387, 5028, 2897, 2688, 2865, 6551, 3441, 3208, 4810, 3152, 3149, 1651, 616, 1478, 3303, 1562, 3070, 1086]
[32742, 26374, 19024, 21660, 20688, 19814, 11824, 16000, 15782, 13582, 3922, 28098, 17622, 19132, 22130, 23324, 6454, 18292, 20802, 11298, 22762, 15400, 27276, 22342, 18654, 25194, 11412, 15622, 14240, 17388]

Gen 20 above. P2 dominating is interesting, let's see what they are doing. Maybe it is time to add more minions


[0, 0, 242, 258, 168, 0, 0, 0, 0, 8, 0, 208, 776, 0, 25432, 6524, 482, 0, 0, 0, 184, 0, 206, 0, 0, 0, 6, 0, 188, 262]
[0, 526, 50, 130, 38, 222, 68, 0, 0, 0, 0, 188, 0, 0, 32, 0, 226, 0, 0, 0, 4, 2, 0, 118, 0, 0, 0, 0, 0, 0]
[16830, 3614, 580, 778, 240, 262, 254, 214, 218, 498, 2566, 236, 234, 3238, 1964, 352, 116, 158, 230, 44, 158, 246, 240, 252, 200, 156, 216, 96, 172, 694]
[1058, 234, 206, 174, 158, 168, 0, 38, 70, 6, 172, 90, 206, 40, 192, 168, 282, 0, 3476, 16, 1310, 168, 814, 178, 260, 234, 192, 150, 14, 0]
[20564, 8190, 46, 2650, 116, 2418, 908, 404, 408, 242, 1172, 256, 118, 224, 152, 210, 1106, 228, 46, 182, 142, 230, 196, 296, 188, 4992, 148, 404, 104, 386]
[552, 632, 1116, 806, 262, 264, 258, 224, 224, 198, 200, 204, 198, 908, 234, 268, 164, 382, 5578, 258, 562, 196, 258, 270, 174, 3716, 212, 224, 6678, 288]
[15906, 3504, 1916, 740, 778, 1074, 834, 400, 354, 230, 886, 7842, 54, 414, 220, 2304, 848, 0, 1812, 208, 164, 130, 458, 98, 16988, 322, 2016, 418, 120, 10864]
[8578, 7188, 2184, 974, 714, 568, 1026, 1122, 350, 392, 412, 4426, 302, 3370, 556, 496, 550, 2616, 502, 384, 438, 406, 400, 8106, 1914, 546, 18474, 532, 744, 236]
[14146, 9670, 7878, 12162, 6674, 482, 1886, 604, 164, 764, 11684, 488, 220, 8228, 668, 446, 5276, 328, 12324, 390, 186, 13046, 6036, 230, 198, 294, 160, 230, 6988, 170]
[21522, 11714, 9786, 7706, 6054, 230, 4146, 2234, 3602, 528, 1300, 19618, 304, 18324, 9172, 7362, 5970, 3956, 478, 6686, 3432, 422, 11496, 6728, 384, 21190, 3740, 9082, 5522, 3748]
[8166, 15476, 5648, 5916, 844, 4674, 4476, 2848, 7080, 3516, 244, 384, 11612, 3568, 244, 4402, 7596, 252, 184, 2758, 232, 768, 7744, 8592, 3244, 7676, 2948, 7590, 7794, 12930]
[18642, 19446, 21498, 10530, 10092, 16374, 16210, 12252, 6356, 6338, 36852, 7360, 34024, 15114, 9120, 26468, 20092, 18198, 10902, 18236, 32404, 10236, 27744, 29566, 16724, 22920, 21912, 18584, 18008, 20016]
[4420, 14058, 8274, 6950, 5966, 2744, 7960, 6166, 1026, 3016, 2804, 4410, 294, 10984, 2836, 288, 228, 1244, 246, 202, 6410, 7826, 4278, 204, 7674, 7686, 212, 6350, 4718, 3092]
[19770, 29672, 30640, 21850, 30870, 24832, 18462, 24598, 21992, 24834, 26224, 32688, 21744, 22826, 23190, 30210, 26400, 18606, 22918, 29668, 29304, 23160, 26420, 32622, 29412, 20970, 29282, 15454, 33630, 26406]
[6144, 4604, 6880, 7618, 1494, 6008, 6142, 2184, 4720, 6004, 198, 192, 5962, 204, 420, 1432, 7510, 9242, 5974, 404, 6220, 6182, 3090, 7694, 254, 224, 226, 4698, 9196, 204]
[27764, 29318, 18666, 26236, 31020, 19870, 26532, 24744, 32644, 23122, 28188, 27690, 29242, 35316, 20170, 22432, 24768, 27782, 26160, 24948, 20242, 21754, 20160, 22000, 33816, 24378, 27842, 27608, 30732, 24574]
[4764, 6034, 10754, 2864, 9590, 5468, 4330, 2856, 9180, 2746, 11132, 2756, 210, 4514, 248, 10696, 5850, 4370, 6144, 8384, 7084, 6226, 6578, 4770, 12474, 4570, 4544, 6576, 3116, 202]
[29270, 22820, 31168, 29862, 35446, 23368, 32630, 28002, 21474, 24894, 29420, 21854, 24870, 18712, 17294, 33938, 24730, 24522, 19110, 26436, 25116, 25254, 26018, 21778, 35350, 32836, 32392, 30818, 20306, 29098]
[6188, 5020, 2980, 6208, 11186, 6228, 5436, 6948, 4726, 4658, 220, 416, 264, 7984, 7666, 168, 4532, 4956, 3042, 7484, 7850, 234, 5978, 4870, 1422, 238, 196, 9686, 7794, 6292]
[23458, 24662, 24464, 24638, 23666, 27838, 26770, 23258, 24828, 29080, 29924, 23356, 29066, 27898, 21940, 21596, 29490, 29464, 23612, 20198, 27874, 25164, 22004, 30826, 20418, 17476, 30778, 28080, 28054, 27920]

After adding more cards above. Gen 10. Increasing max HP to 16

[12082, 5610, 11764, 5194, 8518, 5482, 9948, 5774, 7614, 5530, 10180, 7010, 4084, 5332, 2738, 6784, 3560, 1072, 270, 8490, 8554, 8590, 3592, 6346, 8432, 256, 8374, 11996, 8608, 5372]
[16178, 21208, 21252, 32028, 17738, 21088, 27184, 27470, 21250, 19320, 16626, 25360, 23126, 21218, 16550, 31972, 4626, 29150, 25712, 15252, 12946, 24366, 19846, 25696, 15118, 24430, 19648, 30280, 21432, 28586]
[10604, 8946, 6898, 3930, 4148, 7288, 5246, 8056, 6872, 11714, 4090, 1136, 10394, 3756, 15102, 3580, 14180, 5830, 2500, 8212, 8942, 7468, 10344, 2286, 8482, 10048, 1006, 5822, 13530, 8946]
[21256, 21646, 17870, 24252, 24368, 27296, 14026, 18052, 20028, 18644, 30434, 21052, 26740, 18260, 26398, 24258, 18490, 20032, 21740, 18368, 26234, 16776, 23222, 18328, 27288, 9476, 22876, 17866, 18174, 13574]
[13278, 7040, 8886, 8954, 8852, 7464, 7116, 10412, 7118, 7370, 7694, 6926, 5860, 15884, 2684, 11876, 12254, 8362, 5398, 16258, 13590, 5420, 7336, 11608, 11434, 10114, 14122, 5092, 7532, 12308]
[18228, 15784, 21202, 19532, 24134, 23206, 18572, 17060, 17062, 20744, 23272, 21604, 20150, 14038, 14004, 24642, 30282, 28922, 19928, 22872, 17886, 17014, 22868, 19744, 18678, 20224, 22690, 21488, 25882, 25646]
[10556, 3594, 9110, 8666, 7188, 11920, 8876, 13732, 14396, 12338, 3856, 3790, 10578, 3938, 12562, 12026, 13796, 7638, 8746, 10478, 13714, 7546, 7354, 7406, 3956, 5688, 7006, 13298, 482, 5888]
[20104, 15542, 18406, 19688, 25860, 12136, 21332, 24540, 10938, 18200, 21476, 27900, 25810, 22924, 13404, 17382, 15832, 23756, 13890, 26034, 21026, 21702, 24792, 21014, 18246, 18812, 16938, 29068, 19606, 19980]
[6202, 7018, 7580, 14184, 15216, 18598, 5582, 15028, 2638, 10310, 10750, 15472, 13190, 5164, 13908, 9074, 8858, 6840, 8646, 16172, 11432, 9084, 12342, 8616, 2958, 11516, 3808, 12396, 13874, 8772]
[28858, 10320, 25860, 18224, 21224, 19266, 22752, 20134, 18964, 17618, 16396, 27340, 12166, 22800, 18832, 24644, 20854, 21484, 24418, 19892, 16636, 21378, 19856, 21588, 26238, 10430, 22622, 6372, 13274, 14020]
[9200, 13436, 8808, 9278, 8496, 11764, 13876, 8552, 7140, 7256, 1370, 8618, 8902, 8944, 8830, 15184, 8578, 13910, 10214, 5506, 10408, 8782, 6092, 5346, 5636, 5538, 10252, 13654, 12338, 8268]
[21528, 17660, 24250, 19736, 14206, 17404, 19896, 18416, 21482, 18408, 22892, 21162, 21418, 18272, 32282, 19756, 24214, 16376, 22684, 18262, 32192, 20880, 10722, 25886, 15444, 16550, 19716, 24384, 20136, 27048]
[12064, 10888, 9766, 10236, 6158, 11046, 3884, 4320, 7026, 10308, 11854, 12464, 8216, 9108, 13316, 14068, 9236, 15914, 12154, 8874, 6814, 11978, 14496, 13788, 9114, 5082, 8500, 12028, 9126, 9734]
[16984, 18716, 24302, 18186, 23006, 16934, 24144, 25864, 21342, 16546, 16702, 13018, 18498, 18194, 19796, 7972, 18486, 17878, 23034, 18158, 21382, 18652, 25158, 18278, 20954, 20162, 16358, 21418, 17598, 2354]
[8758, 8652, 8972, 7536, 4922, 12226, 9218, 11040, 11240, 10636, 8836, 10536, 10510, 12328, 10524, 11982, 9458, 7614, 13566, 6134, 7354, 12474, 10514, 10162, 7370, 7330, 11894, 2644, 7036, 10274]
[18122, 23128, 19960, 24812, 18864, 14720, 16650, 15022, 28452, 14988, 15312, 18710, 16486, 19640, 21354, 16618, 14974, 20110, 22672, 15456, 24446, 27084, 15060, 19928, 22716, 27330, 18276, 19854, 11280, 20148]
[12502, 15532, 15462, 15332, 5406, 10284, 14424, 14420, 8454, 10402, 8984, 5618, 5980, 10374, 9296, 10822, 10310, 12696, 7300, 10348, 6982, 9402, 14774, 10210, 5226, 16450, 10378, 13372, 7742, 12058]
[19564, 17944, 20078, 15650, 15064, 23212, 16928, 20928, 25900, 18238, 16222, 18280, 20600, 20944, 19704, 19724, 20498, 10118, 14930, 18652, 16678, 18658, 15064, 16290, 22992, 24428, 24288, 18212, 21290, 18274]
[10314, 12180, 17422, 13834, 15252, 7532, 12310, 5362, 5760, 10328, 17086, 7036, 10912, 7730, 8738, 15620, 8392, 10666, 8378, 6156, 8558, 11796, 8736, 10236, 14054, 14336, 13974, 10454, 7532, 5488]
[13406, 15650, 23232, 24418, 19402, 16732, 18012, 27416, 17090, 18636, 27258, 15404, 10992, 12552, 12632, 14348, 15396, 18272, 19912, 23380, 27552, 19964, 18218, 21396, 17138, 12268, 14172, 16348, 21078, 18044]

Gen 20, upping hp to 18, incorporated value trading and anti-value trading into the goodness function.

[314, 1810, 3236, 3270, 1810, 3320, 7798, 3326, 3312, 1802, 1848, 1843, 1823, 3293, 4860, 1814, 3310, 3325, 6318, 3338, 320, 6280, 1815, 1786, 6282, 4808, 6282, 3279, 4812, 1778]
[19525, 15912, 16859, 19445, 19726, 26283, 14654, 25787, 18105, 13304, 17164, 19714, 23816, 24350, 23854, 22406, 16711, 20414, 20632, 26836, 15581, 19138, 18383, 20286, 19474, 18161, 15696, 21513, 19953, 24165]

Gen 21, idk why P1 always sucks so much. Hopefully it is able to catch up a bit... Probably a result of P1 running
goblin into fighter or whatever for a bunch of points before

[4840, 3308, 1766, 4821, 1802, 4816, 3288, 3272, 9334, 7818, 1850, 4822, 1796, 6330, 4808, 1826, 6292, 1798, 3246, 4790, 1849, 7825, 6308, 3316, 1828, 4788, 3310, 4790, 1810, 1808]
[17033, 20995, 16953, 22539, 16360, 19788, 19172, 19404, 19570, 12202, 27331, 22582, 18982, 16760, 20085, 18558, 17391, 24539, 18085, 20880, 13757, 19112, 23059, 21886, 29067, 17690, 18915, 23793, 11630, 19648]
[6286, 1828, 1780, 6268, 7768, 1814, 7818, 7826, 7863, 3350, 9348, 1800, 1770, 3292, 1818, 1766, 6384, 6314, 7842, 1810, 6308, 1852, 1801, 1796, 1835, 1814, 1790, 4764, 4806, 4839]
[14773, 21462, 18491, 18305, 26433, 16889, 20080, 20923, 23263, 18591, 15791, 22784, 18312, 22484, 19105, 24906, 18075, 18426, 19066, 15645, 20844, 21867, 20120, 17372, 21235, 13771, 18401, 17319, 18660, 12122]
[7787, 6352, 1806, 3316, 4838, 9340, 6296, 4818, 1780, 9386, 1800, 290, 13833, 6338, 4806, 3330, 6332, 7764, 7833, 4780, 3292, 4854, 1810, 1838, 3318, 9316, 3268, 7824, 3356, 4816]
[21651, 17494, 22619, 14727, 11837, 25496, 20078, 19612, 18973, 21648, 22533, 16036, 21168, 19676, 20271, 18588, 19285, 20650, 16737, 15639, 20235, 15328, 24883, 13408, 17809, 20976, 20398, 16915, 17321, 20051]
[380, 6322, 6280, 7836, 4778, 1804, 7877, 1776, 4868, 6279, 3292, 3324, 3311, 3304, 1792, 1818, 1808, 10866, 4830, 9280, 9342, 1853, 326, 1798, 3266, 4874, 4840, 3324, 6334, 274]
[22778, 17666, 23270, 21675, 19505, 15518, 15200, 18153, 21519, 20994, 19504, 22068, 22855, 15882, 19951, 16711, 20059, 17428, 21208, 12623, 21389, 25027, 14469, 16273, 13990, 21517, 15992, 16191, 24470, 18068]
[1768, 1768, 1798, 4813, 299, 330, 3294, 6356, 1781, 1792, 1788, 3264, 3290, 6350, 3304, 1838, 4770, 3321, 1802, 3314, 3328, 1850, 6294, 4798, 4788, 3300, 6304, 3336, 4830, 1840]
[19933, 17901, 21439, 24191, 18299, 24065, 15660, 20217, 24924, 12150, 19990, 24884, 15979, 24127, 21395, 11346, 14296, 19914, 28919, 22444, 24475, 19674, 25818, 17452, 17759, 19486, 19875, 17141, 21269, 25320]
[6328, 4848, 306, 6300, 4832, 4820, 1814, 10850, 6294, 1846, 6322, 6389, 4790, 1844, 6302, 342, 4796, 7759, 3304, 4848, 3360, 3354, 4826, 1788, 1836, 4818, 1810, 4818, 7784, 4804]
[15881, 18822, 18214, 13846, 17890, 11590, 15911, 19126, 20215, 9365, 16828, 16796, 16358, 17405, 12935, 14220, 12648, 23999, 19920, 21112, 15390, 15937, 20912, 20260, 17384, 18831, 18884, 20099, 20530, 20272]
[3368, 3308, 272, 1824, 3344, 4781, 6292, 3321, 6288, 4844, 4834, 4788, 3294, 1813, 1802, 3347, 360, 4782, 3375, 2317, 6312, 3334, 4876, 3283, 4800, 1844, 3292, 4770, 232, 4758]
[18850, 20915, 17383, 22585, 21516, 16975, 15431, 20763, 21509, 24132, 20130, 14138, 18565, 20124, 19550, 19016, 13349, 25310, 13065, 18422, 19566, 18655, 15238, 19530, 24769, 17831, 20475, 18463, 18511, 15448]
[4780, 3322, 3268, 3301, 7819, 1808, 7856, 1812, 6322, 3282, 308, 1792, 1884, 1807, 3386, 1774, 3336, 4825, 837, 3292, 4826, 1786, 297, 276, 300, 3330, 3323, 4794, 4838, 6298]
[18502, 24145, 24001, 19805, 20142, 18052, 12547, 20749, 25344, 20029, 14436, 21542, 21527, 25582, 15345, 18640, 19894, 20485, 20319, 16723, 20083, 14870, 21803, 24749, 22820, 23169, 15724, 24948, 23668, 28463]
[1826, 6306, 6304, 7830, 4786, 3331, 316, 7800, 3304, 6333, 1830, 3240, 1774, 4792, 3356, 4808, 1822, 6294, 310, 3322, 6328, 7830, 1812, 4794, 284, 7840, 3314, 1818, 1788, 6294]
[18459, 25262, 21294, 25293, 19861, 18603, 20210, 20981, 23361, 24762, 22780, 18596, 15915, 24274, 15291, 18527, 14134, 17100, 25729, 18660, 18132, 16979, 17522, 22856, 17149, 19355, 25798, 23768, 19343, 15351]
[3312, 4838, 1816, 3312, 7852, 3306, 6340, 300, 6332, 7814, 300, 3318, 4832, 7844, 4806, 3285, 3332, 6322, 6368, 254, 1810, 1788, 6330, 1804, 4768, 1804, 4786, 7876, 6328, 3298]
[23055, 17324, 22247, 21108, 25877, 18655, 19722, 17456, 14998, 17877, 16092, 27127, 21388, 17954, 21554, 18404, 24013, 12855, 20743, 16741, 19745, 20487, 20773, 23999, 23388, 14339, 22359, 18779, 20874, 14530]
[1830, 3323, 3286, 3284, 1814, 7812, 3300, 1802, 3364, 6260, 3284, 9276, 4796, 3322, 3320, 3328, 72, 6343, 1796, 4808, 1804, 6312, 4842, 284, 284, 3286, 1772, 1750, 4894, 6296]
[22121, 27541, 16730, 21140, 23007, 17867, 21687, 26266, 25267, 18381, 27228, 21718, 24081, 26275, 11012, 17508, 24107, 22180, 19611, 18949, 25023, 26787, 22639, 19667, 26881, 22623, 23734, 20092, 16100, 19097]
[3296, 6337, 3304, 6374, 1816, 7804, 6352, 1832, 3322, 7828, 1806, 3272, 3348, 3382, 1820, 258, 3306, 7826, 4810, 3300, 6296, 3322, 9370, 1823, 1770, 3298, 1795, 332, 3310, 3308]
[25542, 15839, 26862, 19588, 24298, 20466, 15035, 24761, 15894, 17648, 12767, 19169, 19763, 14071, 23479, 29857, 20246, 25851, 21263, 16660, 16271, 10804, 18962, 25422, 20576, 15975, 22658, 22199, 22168, 10824]
[3306, 7782, 6300, 4814, 6298, 3351, 6291, 4794, 4806, 4798, 6362, 10822, 1818, 7820, 3279, 1774, 3338, 312, 178, 1768, 284, 4840, 4861, 12318, 6318, 1792, 12304, 268, 7824, 1809]
[21302, 17522, 10712, 24590, 11267, 20096, 19876, 25755, 29262, 12449, 21594, 12210, 19730, 29750, 22339, 15837, 17428, 14827, 19852, 24070, 27893, 19905, 7769, 16884, 21268, 16986, 23032, 16163, 19173, 21691]
[4794, 1819, 6268, 6315, 6306, 7802, 6354, 6292, 1787, 4830, 4819, 3330, 3258, 6314, 4800, 4780, 7768, 7811, 4824, 7780, 1811, 7808, 7830, 1816, 3286, 1786, 3330, 3324, 4857, 7828]
[18501, 21632, 23641, 18434, 20621, 23028, 19443, 26864, 15046, 15309, 20200, 18656, 16219, 24112, 18607, 26678, 22600, 16888, 17394, 18705, 25520, 24195, 30768, 16292, 31630, 19422, 18617, 28481, 20201, 14889]
[6325, 1794, 3375, 9342, 3312, 4799, 6290, 1778, 1832, 4817, 3316, 7800, 1804, 13840, 6288, 6355, 4797, 1819, 4833, 4833, 4816, 7770, 1813, 1778, 3260, 7816, 7846, 6360, 6308, 7819]
[27090, 17028, 23753, 22576, 18556, 25787, 23077, 22803, 22661, 21426, 14287, 19475, 21708, 22031, 14215, 26819, 20219, 20446, 18614, 28397, 23088, 21516, 21190, 24999, 20941, 19238, 22257, 25022, 23292, 18298]
[7864, 9379, 280, 4783, 4858, 1824, 7804, 1788, 3314, 4834, 1804, 6261, 9300, 3307, 4790, 7721, 3314, 353, 6332, 7850, 7820, 7798, 6288, 3286, 4832, 6332, 9327, 9312, 7853, 3288]
[24301, 20340, 17321, 28064, 21586, 25484, 22365, 17805, 23914, 22326, 24271, 19704, 17230, 21490, 27465, 24298, 19374, 22457, 14273, 21703, 18538, 19843, 17990, 26981, 20748, 18607, 31690, 19691, 24645, 24377]
[10842, 3298, 12292, 3284, 3264, 7822, 9340, 1784, 7872, 7828, 3380, 6294, 6332, 3313, 6358, 6348, 4814, 6314, 363, 10804, 9314, 3360, 10852, 7820, 6332, 6334, 1794, 6331, 1768, 6383]
[27025, 24334, 20783, 18319, 24612, 25445, 27332, 18559, 23504, 23827, 22409, 23928, 13360, 20936, 22512, 16518, 19424, 18911, 20311, 18780, 25292, 17393, 28763, 28810, 22935, 25116, 22007, 23733, 23896, 27224]
[4800, 6345, 7823, 6306, 6324, 1778, 7812, 6288, 3319, 4798, 3888, 6326, 7800, 6284, 3304, 3311, 6295, 7830, 3316, 3284, 15324, 7778, 1832, 7852, 15342, 4808, 6357, 4839, 6393, 4836]
[22432, 17872, 21533, 24023, 28056, 20608, 20195, 20238, 20923, 17963, 20951, 27519, 24515, 3026, 20964, 24066, 21542, 22898, 23280, 22039, 22790, 20038, 26441, 20024, 20490, 21119, 28687, 30147, 23811, 24202]
[7868, 7833, 7820, 338, 3323, 288, 4756, 4767, 3302, 7862, 1784, 3302, 4820, 4821, 7824, 6346, 7778, 3296, 3312, 4876, 7812, 9360, 9315, 3300, 1774, 3346, 9308, 6308, 9323, 3284]
[12781, 16614, 21064, 24446, 25401, 25216, 22609, 14158, 27122, 28634, 33015, 26879, 22956, 17550, 22430, 22566, 22999, 25784, 18775, 23459, 21406, 23267, 15414, 24880, 24481, 25396, 24970, 17905, 17936, 21411]

gen 40, removing the negative for negative value trading, increasing maxhp to 20

[3352, 6375, 4833, 7857, 6424, 6364, 9382, 4815, 6324, 6353, 6347, 10840, 4768, 472, 1838, 9306, 3446, 7804, 4845, 4906, 7824, 4818, 12403, 13830, 4810, 3372, 3344, 4860, 3364, 4832]
[14744, 19504, 14222, 17982, 22640, 22930, 17364, 22487, 13425, 14391, 14929, 14800, 18466, 24167, 21329, 14638, 16229, 14335, 17870, 15611, 19064, 15833, 19928, 21194, 20164, 19764, 13032, 17766, 23543, 19969]
[3321, 1936, 4825, 1815, 7870, 6342, 1850, 1808, 6461, 6325, 6367, 7881, 6271, 7793, 3333, 4820, 299, 4873, 3352, 3332, 9556, 6401, 4904, 6325, 3341, 3377, 3305, 9372, 6416, 4857]
[20984, 20775, 19629, 16687, 19471, 24258, 14738, 16081, 16944, 21378, 16615, 14673, 20439, 15154, 18455, 26683, 22158, 18903, 29162, 23350, 15958, 14006, 29017, 18722, 20902, 19993, 16496, 22706, 15161, 14700]
[3397, 4829, 4933, 7857, 3317, 9374, 6385, 1862, 6388, 4808, 12376, 6422, 4844, 7900, 7866, 9434, 7824, 6345, 4918, 3393, 3322, 10872, 6339, 3290, 3271, 3379, 3415, 4885, 6392, 7798]
[17242, 22813, 17493, 18149, 19967, 21060, 26507, 15068, 12877, 21418, 21201, 17044, 20655, 17976, 16183, 21906, 12984, 17442, 14482, 12703, 14679, 21982, 18258, 20313, 20575, 20633, 20528, 19328, 10030, 29302]
[9363, 7908, 4837, 9400, 1872, 4932, 3387, 7886, 346, 4824, 9337, 7884, 4804, 6348, 10812, 6421, 316, 324, 4873, 1647, 3376, 6413, 4860, 7821, 3333, 6411, 1877, 4831, 3368, 6343]
[18872, 18037, 15473, 18255, 12667, 22605, 20651, 21190, 17402, 13162, 15040, 17135, 21698, 27482, 13165, 15251, 25200, 14587, 24608, 17425, 18629, 21939, 18705, 18635, 17601, 16718, 16765, 9590, 12753, 23269]
[4782, 6309, 4819, 7872, 7799, 6303, 1797, 3366, 3341, 7868, 1822, 3363, 6435, 6323, 6373, 3264, 3252, 7823, 3328, 6343, 4850, 3359, 4876, 7884, 3328, 4829, 4891, 4834, 1937, 1844]
[17255, 24365, 15912, 17989, 21152, 14931, 25634, 21433, 25939, 14200, 2248, 21620, 18471, 18807, 24220, 18882, 18744, 23252, 16162, 23326, 20450, 18788, 13003, 18514, 14250, 15647, 18703, 18674, 18682, 17304]
[1815, 7818, 6395, 6386, 9358, 6336, 6442, 4816, 7834, 10899, 3322, 6338, 7846, 9323, 3275, 10848, 4867, 6351, 4827, 3378, 10882, 12323, 9376, 6334, 1825, 3344, 4865, 4908, 7866, 1798]
[22077, 22139, 17785, 25625, 18759, 21592, 14464, 19412, 19936, 17160, 19017, 16873, 23582, 21445, 20846, 13109, 16210, 16360, 23133, 16614, 19968, 20912, 14183, 23425, 16973, 23391, 16360, 16912, 11510, 13192]
[4836, 6407, 3307, 10900, 13839, 3347, 3339, 309, 4851, 7885, 3342, 9333, 4885, 7864, 10840, 4827, 3394, 1813, 3343, 4822, 10910, 10938, 3274, 1805, 6401, 7896, 3391, 4868, 7861, 6364]
[15536, 19381, 24357, 12662, 17085, 20609, 15084, 21212, 23014, 22984, 14275, 15869, 15483, 17936, 17524, 16976, 21607, 14406, 17383, 15679, 19218, 18364, 22257, 22612, 21871, 11511, 20762, 27070, 15001, 21531]
[7800, 3404, 4816, 1866, 3358, 10820, 4904, 6315, 3316, 3319, 3359, 4813, 4816, 6331, 7929, 6338, 4804, 7808, 6402, 7827, 6299, 4804, 4826, 4839, 3324, 3326, 6343, 7806, 4910, 6495]
[20090, 18563, 11982, 18177, 16158, 16377, 16933, 16166, 14367, 22796, 14407, 22543, 19480, 18547, 16048, 11844, 26461, 17932, 15221, 15954, 23115, 15008, 20003, 17642, 15499, 16275, 17557, 14116, 21028, 19924]
[7834, 7876, 10852, 6308, 3381, 6358, 4878, 4837, 1806, 7990, 4830, 4810, 4787, 1811, 1813, 3334, 4792, 3440, 6364, 1893, 3286, 3263, 4798, 6307, 6311, 3301, 10911, 6332, 7844, 1818]
[21106, 19606, 24262, 15967, 16862, 29795, 21172, 18169, 20193, 18672, 24584, 15835, 18876, 20356, 21174, 18415, 24599, 15049, 17183, 15214, 21720, 17251, 20543, 17398, 21468, 12865, 16945, 18511, 25475, 20472]
[3344, 4830, 6314, 7827, 9373, 7827, 3334, 10815, 341, 4846, 4828, 4852, 9364, 1857, 6322, 4836, 4890, 3338, 1783, 3351, 7823, 7915, 4827, 3326, 3277, 9312, 3329, 4834, 9372, 6333]
[18156, 12983, 24293, 16494, 23273, 21231, 29684, 14716, 24042, 24554, 18413, 21272, 21808, 16805, 20424, 14839, 25710, 22840, 18569, 18867, 22369, 22670, 18818, 20256, 14518, 18371, 17343, 22849, 14468, 16152]

Gen 50, removing the training wheels

[3, 3, 4, 3, 4, 2, 5, 9, 1, 3, 3, 4, 2, 1, 6, 5, 3, 6, 2, 3, 3, 3, 4, 4, 2, 0, 4, 5, 3, 4]
[9, 11, 8, 12, 15, 16, 15, 12, 13, 14, 10, 9, 10, 17, 11, 13, 8, 13, 8, 16, 11, 8, 9, 12, 11, 12, 10, 14, 9, 13]
[3, 3, 2, 0, 5, 2, 4, 4, 4, 3, 5, 6, 0, 5, 3, 0, 3, 5, 2, 2, 7, 4, 4, 4, 4, 4, 2, 5, 9, 3]
[15, 17, 12, 10, 9, 6, 10, 14, 6, 12, 14, 11, 17, 9, 13, 17, 9, 11, 10, 10, 11, 14, 13, 7, 13, 10, 10, 10, 10, 13]
[2, 1, 0, 3, 0, 5, 2, 3, 4, 2, 6, 4, 0, 7, 2, 2, 1, 5, 2, 3, 3, 1, 5, 6, 6, 3, 4, 5, 1, 5]
[10, 8, 10, 12, 9, 13, 14, 8, 13, 6, 15, 17, 12, 11, 14, 13, 14, 12, 10, 9, 17, 10, 10, 12, 9, 7, 9, 14, 12, 11]
[3126, 5158, 2139, 1188, 3130, 2155, 5177, 3148, 1150, 4167, 7178, 2155, 3161, 4156, 2151, 3145, 4162, 3161, 3147, 1144, 5160, 4159, 3158, 178, 1142, 5145, 2140, 5181, 2172, 3156]
[8138, 13120, 12106, 12164, 14106, 15118, 10133, 15103, 12059, 14141, 15111, 11136, 17111, 13123, 12147, 12121, 8149, 13135, 12144, 13126, 13115, 10112, 16124, 7128, 13110, 8122, 13129, 10116, 14107, 11138]
[3148, 3129, 5152, 9149, 3163, 5151, 5162, 2157, 6163, 6161, 4159, 1156, 2158, 3136, 5158, 2173, 2137, 2149, 3138, 2128, 2140, 4155, 4155, 3159, 2128, 4168, 5150, 3156, 5180, 3148]
[12101, 6143, 10135, 8110, 12103, 13113, 10132, 9077, 9120, 8117, 11176, 10109, 14123, 14099, 9166, 7103, 10136, 10103, 8152, 15121, 11123, 12120, 15138, 10161, 14141, 19098, 15107, 7131, 12091, 12112]
[7167, 1181, 1159, 4144, 2163, 2149, 1149, 1171, 6169, 3134, 4152, 6142, 4173, 2173, 4168, 3163, 1160, 6155, 1148, 5165, 3165, 180, 1154, 3171, 3174, 3152, 7157, 4145, 4164, 1150]
[8181, 12080, 10173, 12157, 15127, 13143, 11119, 11119, 11136, 12112, 16084, 9130, 12102, 12166, 16117, 12144, 12116, 13123, 11141, 10142, 12135, 12116, 11101, 16132, 7164, 6133, 19096, 10128, 10139, 4188]
[3160, 2155, 154, 5150, 3153, 1161, 4160, 3146, 4166, 1161, 4168, 5143, 4155, 2156, 3195, 5152, 4148, 1134, 2157, 3140, 5181, 4153, 1147, 4155, 3157, 2155, 4144, 3171, 3148, 4149]
[12126, 15130, 12114, 16118, 18085, 15103, 16115, 15098, 13103, 9142, 4137, 7166, 10111, 14092, 12088, 8121, 6174, 12152, 13091, 9151, 7110, 15150, 10112, 12098, 9119, 10150, 10131, 11125, 14089, 10147]
[2159, 3154, 1161, 160, 5157, 3192, 3173, 4155, 6164, 154, 3201, 6178, 4151, 3129, 3140, 5158, 2158, 3159, 3146, 5158, 6168, 6171, 1152, 7160, 1155, 3128, 3159, 1152, 5167, 2158]
[15123, 14132, 11122, 14123, 13158, 14112, 8114, 13122, 12127, 8170, 11114, 15102, 11143, 11140, 10161, 15144, 12117, 12150, 17084, 13098, 12126, 11139, 10125, 8100, 9120, 8197, 10138, 15094, 6162, 12097]
[3142, 10169, 3171, 6162, 3150, 5157, 6154, 8163, 8150, 169, 3157, 5145, 5153, 3151, 4190, 2169, 5161, 5166, 3148, 1158, 5176, 3158, 4129, 5157, 2146, 4175, 1164, 7161, 3150, 3168]
[8099, 11117, 15129, 11147, 8151, 11103, 10158, 11107, 13139, 12163, 13129, 9144, 15113, 10120, 8145, 11136, 11104, 16135, 14138, 7161, 12114, 6129, 12190, 12131, 11120, 11147, 12135, 17107, 5097, 15108]
[2166, 3148, 2165, 1140, 7176, 4162, 3158, 6162, 3134, 1149, 1157, 5148, 1165, 2141, 4166, 2147, 3161, 149, 4144, 5159, 3143, 3143, 2151, 3170, 2152, 1156, 4187, 167, 4172, 5194]
[12188, 14131, 18103, 10150, 13137, 3123, 12106, 14108, 8127, 9131, 8116, 12126, 14165, 13108, 10097, 13093, 13109, 9094, 14091, 13135, 11124, 11127, 13133, 7121, 10145, 12096, 13090, 13104, 9131, 12121]
[3144, 4155, 2152, 5172, 3175, 5157, 3151, 1145, 4157, 5165, 7143, 4157, 1145, 2164, 2164, 3158, 2144, 1155, 3148, 2127, 3144, 4143, 2146, 5177, 3162, 4174, 2154, 3138, 1160, 3149]
[13121, 16104, 11126, 17105, 10146, 11123, 9122, 12146, 9133, 14108, 14080, 13123, 11133, 17115, 8106, 13118, 9140, 19089, 15130, 8087, 15128, 12126, 7131, 15135, 8125, 12116, 14126, 15081, 13141, 11157]
[6166, 3149, 3139, 1155, 3152, 6148, 3181, 3177, 6165, 2152, 2174, 4157, 3171, 3171, 5155, 6190, 5152, 3173, 7181, 1147, 160, 3152, 1162, 3148, 4148, 3156, 145, 3171, 3183, 4162]
[16083, 17120, 9146, 6163, 11154, 12136, 11142, 15132, 14105, 15108, 13102, 15146, 14090, 16110, 8121, 11141, 9145, 8171, 11119, 14116, 13131, 7174, 11146, 15132, 13091, 13144, 8140, 13147, 10140, 11152]
[4140, 177, 5156, 2160, 1160, 3137, 2150, 2147, 1163, 1134, 5170, 3160, 4158, 1176, 4143, 2161, 3145, 5154, 3168, 3145, 3156, 6158, 5142, 5184, 3144, 2162, 2166, 2143, 5138, 3154]
[11157, 11156, 14124, 16101, 14084, 13122, 19087, 17098, 13135, 9140, 11147, 12135, 13089, 13105, 12083, 15129, 9123, 10147, 12114, 10134, 9162, 11124, 12114, 12127, 12124, 12143, 17087, 11153, 10157, 9124]
[161, 3141, 4168, 1169, 2152, 5171, 6165, 3153, 2130, 2151, 4164, 4180, 3163, 4161, 1148, 8188, 1156, 3173, 5159, 2188, 6154, 7158, 4159, 1159, 6174, 2145, 3159, 2155, 2153, 4162]
[11135, 11123, 7121, 10169, 14143, 12148, 9143, 5159, 8159, 12084, 13124, 9135, 12153, 11134, 14107, 15139, 8118, 13127, 10153, 15111, 11120, 16080, 14142, 14127, 9125, 10166, 7158, 11071, 9186, 12138]
[4158, 3139, 3146, 5148, 2169, 5149, 4143, 3164, 3148, 161, 2170, 163, 5160, 1144, 1160, 1152, 2149, 1163, 4144, 5173, 3154, 3162, 3153, 150, 4149, 1145, 4155, 6140, 5160, 2160]
[15093, 13111, 15122, 11135, 15164, 12098, 9114, 13156, 12121, 11109, 10124, 12124, 11115, 10142, 12109, 13101, 12130, 20062, 8182, 16135, 14131, 9124, 11113, 15095, 9164, 11110, 16097, 17101, 13122, 14133]
[3156, 3145, 3159, 2164, 2139, 3157, 3160, 1173, 2135, 2140, 1138, 2166, 2165, 2167, 2159, 5179, 4179, 4141, 3132, 4148, 2180, 3174, 3149, 3165, 3158, 2165, 4153, 1164, 2151, 7150]
[14134, 12176, 8132, 9139, 12082, 12094, 7159, 10139, 13155, 12139, 14097, 9120, 14137, 13096, 15116, 10155, 14133, 11148, 11150, 13119, 10143, 10120, 7120, 9120, 9159, 13119, 17128, 6149, 9118, 10131]
[4152, 3176, 4162, 1156, 4181, 4180, 2137, 1139, 2134, 3147, 2164, 1152, 3168, 5150, 2158, 4165, 7163, 2125, 3165, 3167, 3146, 3144, 7175, 3155, 3156, 161, 3148, 4161, 5168, 4131]
[15101, 9159, 11117, 10127, 11105, 11106, 8166, 11165, 12152, 15123, 9148, 11109, 13094, 14120, 20108, 13137, 12115, 7124, 12109, 16103, 12132, 9149, 12087, 14114, 9095, 12110, 9175, 14087, 11137, 13090]
[140, 2152, 4165, 5183, 2149, 2132, 2169, 1170, 4139, 1129, 5155, 1176, 1153, 2145, 2133, 1158, 3163, 2159, 5175, 3154, 1166, 2158, 5166, 2162, 3166, 4170, 1163, 4178, 3156, 3157]
[11118, 13146, 13140, 11154, 13087, 10129, 12139, 5145, 12127, 9106, 8137, 12119, 15093, 13128, 10137, 12153, 12117, 10129, 7127, 14114, 10122, 16133, 14114, 11099, 10135, 14149, 8128, 16132, 10168, 11145]
[3166, 5164, 5147, 3161, 3156, 2162, 6144, 3158, 4163, 3155, 4156, 3147, 2132, 5173, 2148, 2167, 161, 2176, 4156, 1161, 2132, 151, 6168, 5174, 4144, 5177, 3159, 6172, 3158, 6170]
[10147, 11134, 13146, 14089, 8094, 12138, 11143, 9144, 9105, 12135, 12113, 12141, 12177, 17083, 12132, 9108, 13105, 12134, 10117, 11108, 11134, 13143, 10166, 12104, 15125, 16121, 10144, 12125, 10118, 13129]
[4161, 2148, 4186, 3175, 2163, 4154, 2144, 1158, 2134, 2146, 4174, 1161, 2157, 3159, 1137, 4172, 1180, 6152, 3149, 4153, 3152, 5174, 3159, 2155, 4154, 2159, 2151, 2149, 6169, 4142]
[16116, 7158, 14143, 14102, 14136, 16105, 13127, 13127, 13123, 11106, 10171, 10133, 17102, 12159, 11122, 15127, 9151, 16127, 14144, 17148, 12142, 10168, 9131, 10142, 11106, 11130, 14129, 12138, 13134, 8126]
[2166, 4129, 2173, 3169, 3179, 1174, 6165, 3160, 5153, 7181, 3186, 5142, 6152, 2168, 4165, 1155, 2155, 3155, 3141, 2173, 3172, 3155, 4138, 5185, 2156, 1165, 1149, 2151, 5144, 145]
[13141, 13101, 13115, 9097, 14137, 12137, 12146, 9137, 12144, 14111, 9125, 13104, 11135, 15148, 14175, 11154, 11103, 7162, 7149, 15141, 12071, 12137, 13139, 12147, 13139, 11138, 17126, 7129, 9175, 15115]
[2136, 3147, 5186, 3158, 4161, 7154, 1143, 3132, 5165, 3159, 3171, 5149, 3167, 3160, 4163, 2181, 3164, 4166, 2169, 2145, 3167, 4191, 3134, 3176, 6151, 6184, 2157, 3163, 2168, 6169]
[9157, 15136, 9103, 8132, 9158, 15117, 11151, 11144, 11123, 10137, 9141, 14079, 12114, 9171, 14130, 12133, 12101, 4145, 10149, 7170, 11119, 11130, 15098, 10154, 15118, 7147, 10117, 13159, 14160, 14106]
[2173, 7180, 133, 3131, 4178, 4155, 3167, 4150, 3145, 2156, 3154, 3166, 1134, 3158, 3161, 1155, 3151, 7181, 2153, 3151, 4156, 3167, 7159, 2189, 3192, 2164, 2167, 3148, 3165, 7181]
[12156, 11155, 8158, 14143, 6157, 12124, 12156, 13109, 12134, 15115, 13145, 15125, 9177, 12148, 9124, 11124, 7131, 9130, 9132, 15135, 17090, 7157, 11100, 8152, 9101, 14131, 13130, 11143, 13133, 13133]
[2158, 2153, 5161, 4139, 4150, 2177, 1146, 2145, 4188, 6154, 2154, 3161, 4175, 3140, 2156, 5162, 7179, 3158, 4179, 5159, 6176, 2151, 5173, 5154, 4154, 4171, 4165, 2172, 2146, 1171]
[11115, 12153, 14140, 13131, 9158, 11145, 10129, 16105, 12123, 11156, 10144, 11106, 7169, 8152, 11101, 10157, 9108, 13158, 7159, 12084, 12139, 9154, 9134, 10149, 13110, 7143, 16130, 11154, 10169, 13114]

Gen 74, the AI is getting better, but still quite bad


[4, 0, 2146, 214, 10, 14, 156, 2074, 0, 182, 106, 0, 62, 82, 118, 0, 0, 2148, 0, 0, 126, 0, 0, 0, 152, 184, 0, 4, 70, 60]
[128, 222, 0, 0, 0, 0, 10232, 0, 254, 202, 104, 0, 8, 0, 0, 106, 28088, 0, 0, 296, 184, 144, 0, 0, 0, 20, 0, 24, 196, 0]
[3124, 250, 6248, 176, 164, 182, 164, 192, 48, 102, 2152, 108, 170, 184, 34, 156, 86, 76, 188, 20, 158, 20, 178, 192, 4074, 142, 4138, 214, 124, 248]
[27092, 15160, 548, 272, 204, 334, 158, 174, 1168, 60, 22268, 188, 320, 46, 228, 190, 262, 64, 166, 22146, 218, 222, 324, 366, 114, 11280, 202, 10228, 6378, 100]
[5048, 4174, 7084, 90, 1124, 2162, 154, 204, 200, 158, 110, 4204, 198, 100, 40, 402, 244, 44, 5234, 212, 190, 1014, 156, 134, 414, 196, 196, 202, 136, 184]
[26084, 14246, 20244, 14286, 9214, 9352, 5256, 128, 384, 194, 6554, 11330, 2004, 364, 15474, 23794, 16578, 2560, 202, 26122, 25090, 258, 23208, 21130, 7208, 114, 23584, 20288, 21350, 26082]
[7080, 4182, 4012, 4236, 3222, 62, 1050, 5014, 204, 88, 72, 4194, 5130, 178, 7086, 8142, 4, 14, 5066, 6314, 138, 7120, 4116, 9156, 46, 3240, 5216, 108, 166, 46]
[28090, 27084, 26090, 27100, 21534, 21786, 21096, 17518, 12066, 16256, 26084, 20092, 10206, 23098, 16626, 23074, 26090, 25148, 28098, 24078, 11690, 22112, 23142, 18092, 13394, 20136, 21074, 18666, 20378, 13460]
[2242, 4076, 136, 70, 3102, 164, 3122, 1074, 22, 4, 98, 3284, 3152, 3246, 1126, 44, 2114, 2, 1154, 2110, 2116, 1070, 4160, 24, 178, 3096, 2166, 2232, 4146, 30]
[23078, 24086, 25086, 26094, 29096, 24090, 25084, 18214, 23090, 23148, 28076, 25082, 25078, 25122, 20078, 25082, 26092, 24092, 21068, 25084, 20138, 24084, 22080, 25088, 26086, 27078, 26088, 25082, 22080, 22080]
